2.345490003766450005e-01 2.070393563314012197e-01 5.584116432919539186e-01
1.829019587955539317e-01 2.479050041741918953e-01 5.691930370302541453e-01
2.329621432206079590e-01 1.725994867833459956e-01 5.944383699960461565e-01
2.396576682198816866e-01 2.545774319106016703e-01 5.057648998695166709e-01
1.669601829314543984e-01 2.250480695937289166e-01 6.079917474748166573e-01
2.991478429671355910e-01 1.708952245625361133e-01 5.299569324703282680e-01
1.829850555044312821e-01 3.133886041145322876e-01 5.036263403810363748e-01
2.074456828544725129e-01 1.697814703013990345e-01 6.227728468441283693e-01
3.092094549037854301e-01 2.297705034583046591e-01 4.610200416379098276e-01
1.473316854314811186e-01 2.921623253157991651e-01 5.605059892527197718e-01
3.020938621898790477e-01 1.456244935365657578e-01 5.522816442735551945e-01
2.289259318486691619e-01 3.329308180139854412e-01 4.381432501373453414e-01
1.672692552597316584e-01 2.075961333893563132e-01 6.251346113509119728e-01
3.718668706460504514e-01 1.788677028932697255e-01 4.492654264606798509e-01
1.529307039427027504e-01 3.698475916208270320e-01 4.772217044364702176e-01
2.570960175799938963e-01 1.463845604947334733e-01 5.965194219252727414e-01
3.143808123319158376e-01 2.900480405455417854e-01 3.955711471225423770e-01
1.398100198072083078e-01 2.857700962240309339e-01 5.744198839687607583e-01
3.836424782589813454e-01 1.419054505771092101e-01 4.744520711639094168e-01
1.926261167712738087e-01 4.082540396145854511e-01 3.991198436141407124e-01
1.973131198350396576e-01 1.797527868711648047e-01 6.229340932937955655e-01
4.077379605327039469e-01 2.147179545721404903e-01 3.775440848951555073e-01
1.340811087209450303e-01 3.868830094788581753e-01 4.790358818001966279e-01
3.350076434587046514e-01 1.327918495873946503e-01 5.322005069539006428e-01
2.783971282793701874e-01 3.726118515632684813e-01 3.489910201573614423e-01
1.518509231896100764e-01 2.549694404225018030e-01 5.931796363878881762e-01
4.541138839484959444e-01 1.549081143570034957e-01 3.909780016945005321e-01
1.572700351847084177e-01 4.607385600451377461e-01 3.819914047701536974e-01
2.555238433363780648e-01 1.547752862645743743e-01 5.897008703990476164e-01
3.975355692641291405e-01 2.790992895816148955e-01 3.233651411542559639e-01
1.302153334898459025e-01 3.688140788086544664e-01 5.009705877014994924e-01
4.261026766349759187e-01 1.295623859905449260e-01 4.443349373744791553e-01
2.248917186289836889e-01 4.576436530634508948e-01 3.174646283075653330e-01
1.852888733195892645e-01 2.167369847470965449e-01 5.979741419333141073e-01
4.905426531600713402e-01 1.882627639639562755e-01 3.211945828759725230e-01
1.349280605657856846e-01 4.782033519317291370e-01 3.868685875024851506e-01
3.408773907196037678e-01 1.375724881734130545e-01 5.215501211069831777e-01
3.465769035659516661e-01 3.689653271565624948e-01 2.844577692774858946e-01
1.428010533438811014e-01 3.270428612178838956e-01 5.301560854382350030e-01
5.059210817231130086e-01 1.386551392663993298e-01 3.554237790104875505e-01
1.768473308887397732e-01 5.215967839368687020e-01 3.015558851743916913e-01
2.447668531907862544e-01 1.824684155588083556e-01 5.727647312504053900e-01
4.804726813334057600e-01 2.484728828487714758e-01 2.710544358178226809e-01
1.285383028373820458e-01 4.601505863854715161e-01 4.113111107771464381e-01
4.409260260120710928e-01 1.296364987251168721e-01 4.294374752628121183e-01
2.760678367565976843e-01 4.670127852025103832e-01 2.569193780408919325e-01
1.749827197819974478e-01 2.764323814016516612e-01 5.485848988163508633e-01
5.516265414069186912e-01 1.648271301374651665e-01 2.835463284556161701e-01
1.459227642662882796e-01 5.504396988971587135e-01 3.036375368365530347e-01
3.319733347730514095e-01 1.571592688873243437e-01 5.108673963396241913e-01
4.254504917554963184e-01 3.377574279012294789e-01 2.367920803432742027e-01
1.387937365425954139e-01 4.146731489478487354e-01 4.465331145095559062e-01
5.312131292484457701e-01 1.327465675390526456e-01 3.360403032125017231e-01
2.117750706688009688e-01 5.475041166232229584e-01 2.407208127079759619e-01
2.319024303608142601e-01 2.295413134146531975e-01 5.385562562245325147e-01
5.508596179942886195e-01 2.153454487976461107e-01 2.337949332080653253e-01
1.339525568020382418e-01 5.422035325452183585e-01 3.238439106527432609e-01
4.366589052241403590e-01 1.420815043953010948e-01 4.212595903805585462e-01
3.435787634574966054e-01 4.436258137174802774e-01 2.127954228250230895e-01
1.680725086260697332e-01 3.552546361860260959e-01 4.766728551879040321e-01
5.884210251564223615e-01 1.508789880836102493e-01 2.606999867599674170e-01
1.684454126923589645e-01 5.931384594197176563e-01 2.384161278879234624e-01
3.164714865174414471e-01 1.929694271137874229e-01 4.905590863687711578e-01
5.025062969895265352e-01 2.957758739052020469e-01 2.017178291052713623e-01
1.402421187232867905e-01 5.026090798381688263e-01 3.571488014385442722e-01
5.348786402696038556e-01 1.383737821932236323e-01 3.267475775371727065e-01
2.632790309338322587e-01 5.395299592806224176e-01 1.971910097855453514e-01
2.208677926212963272e-01 2.960916529250690044e-01 4.830405544536347517e-01
6.003474145641792825e-01 1.904566628593958311e-01 2.091959225764249142e-01
1.482601798531380521e-01 6.003752431849018745e-01 2.513645769619600734e-01
4.207445950344191887e-01 1.685959959819965104e-01 4.106594089835842731e-01
4.194939029059397972e-01 3.999298607263675476e-01 1.805762363676925442e-01
1.659102201785379871e-01 4.426904640543343206e-01 3.913993157671276091e-01
6.022180373920021923e-01 1.490193065730465449e-01 2.487626560349513738e-01
2.052677663012692777e-01 6.030043320746049096e-01 1.917279016241257572e-01
3.002122843031235222e-01 2.468779509931905425e-01 4.529097647036860463e-01
5.648568206699843275e-01 2.579530260033671141e-01 1.771901533266487527e-01
1.492407086096268487e-01 5.736331207954254996e-01 2.771261705949477072e-01
5.222866781635230327e-01 1.572924011919985543e-01 3.204209206444784686e-01
3.291471413829933357e-01 5.042598657241742499e-01 1.665929928928322479e-01
2.142927973590342539e-01 3.766637425270845108e-01 4.090434601138811521e-01
6.258583685937511021e-01 1.791357698239564311e-01 1.950058615822923558e-01
1.748221918012818621e-01 6.270525978031679104e-01 1.981252103955501997e-01
3.997388534366547730e-01 2.117594965209034508e-01 3.885016500424418040e-01
4.904766745755491097e-01 3.519149163726876250e-01 1.576084090517632930e-01
1.710425944881250049e-01 5.216587664789961165e-01 3.072986390328790174e-01
5.958028061316623658e-01 1.613371583749660110e-01 2.428600354933714844e-01
2.580696033520911148e-01 5.818760593410421400e-01 1.600543373068668007e-01
2.875738434026740009e-01 3.172910855081866877e-01 3.951350710891394780e-01
6.035594034525170182e-01 2.344288894106280607e-01 1.620117071368549766e-01
1.697643559576296202e-01 6.149871108287826571e-01 2.152485332135876395e-01
4.988519738341151699e-01 1.925271438889709641e-01 3.086208822769138660e-01
4.003571140205247070e-01 4.541534096705444612e-01 1.454894763089308318e-01
2.156132707397707959e-01 4.570924202673787851e-01 3.272943089928505578e-01
6.269433659578460549e-01 1.848050249806622858e-01 1.882516090614916038e-01
2.176588909456906862e-01 6.199391522194879212e-01 1.624019568348214482e-01
3.794585186929215204e-01 2.726379683550677613e-01 3.479035129520106628e-01
5.419505864800716610e-01 3.150919223406166703e-01 1.429574911793117242e-01
1.885657600716430515e-01 5.743546470328242393e-01 2.370795928955329035e-01
5.718981167323589077e-01 1.916902323504545980e-01 2.364116509171864111e-01
3.237673032862076750e-01 5.365668285655303960e-01 1.396658681482620401e-01
2.835575470856320779e-01 3.942709452080628840e-01 3.221715077063051491e-01
6.129296633736253108e-01 2.322450359841267131e-01 1.548253006422480593e-01
2.081585706283010373e-01 6.188764453321120573e-01 1.729649840395867111e-01
4.699314752165786313e-01 2.476269639857964777e-01 2.824415607976249465e-01
4.608421091747391118e-01 4.065603768023453579e-01 1.325975140229154747e-01
2.319685945778517666e-01 5.163332513025352677e-01 2.516981541196128824e-01
6.020804544646818357e-01 2.134714452828385678e-01 1.844481002524796243e-01
2.795241846617445569e-01 5.795414698435169543e-01 1.409343454947385721e-01
3.666425138549821439e-01 3.459640285195775822e-01 2.873934576254401629e-01
5.600324910637372033e-01 3.032502228203766692e-01 1.367172861158860442e-01
2.288708403527966728e-01 5.845704561705182822e-01 1.865587034766851560e-01
5.318244341686996224e-01 2.477716983438825460e-01 2.204038674874179149e-01
3.904076934976464797e-01 4.803873114320857951e-01 1.292049950702676975e-01
2.988382725998280920e-01 4.560549621985562907e-01 2.451067652016156451e-01
5.834897235823873762e-01 2.630388617178434640e-01 1.534714146997691875e-01
2.753037115183122330e-01 5.760466261778305341e-01 1.486496623038571774e-01
4.414749282542987929e-01 3.243322500358673532e-01 2.341928217098339926e-01
4.875552894758065636e-01 3.826038118004323474e-01 1.298408987237611723e-01
2.828971885473398062e-01 5.255463570194205403e-01 1.915564544332396535e-01
5.405734138940686551e-01 2.837979672621758764e-01 1.756286188437555795e-01
3.595906132873737948e-01 5.063166963792057329e-01 1.340926903334204723e-01
3.771953645516947229e-01 4.128196596003672614e-01 2.099849758479380435e-01
5.157972736938410963e-01 3.430167838496969712e-01 1.411859424564620158e-01
3.262150717148262213e-01 5.168127715836100533e-01 1.569721567015636143e-01
4.652677382316971477e-01 3.554318252721360150e-01 1.793004364961668928e-01
4.292776862171269192e-01 4.315143893204598791e-01 1.392079244624130907e-01
3.930844276070797338e-01 4.418468814301439451e-01 1.650686909627762378e-01
